3
100
0.92,0.21,0.98,1
0.23,0.37,0.29,-1
0.22,0.35,0.63,1
0.14,0.89,0.78,-1
0.26,0.42,0.67,1
0.01,0.77,0.92,-1
0.67,0.12,0.59,-1
0.22,0.55,0.20,1
0.95,0.05,0.57,1
0.19,0.83,0.23,-1
0.91,0.67,0.40,1
0.13,0.84,0.70,-1
0.32,0.57,0.85,1
0.19,0.81,0.77,1
0.20,0.24,0.48,-1
0.61,0.15,1.00,-1
0.12,0.78,0.07,1
0.95,0.03,0.97,1
0.59,0.71,0.60,1
0.27,0.81,0.24,1
0.67,0.05,0.67,1
0.27,0.94,0.02,1
0.03,0.41,0.90,-1
0.83,0.72,0.85,-1
0.18,0.72,0.15,1
0.28,0.24,0.86,-1
0.76,0.06,0.48,1
0.76,0.07,0.10,1
0.29,0.31,0.57,1
0.13,0.56,0.37,1
0.63,0.80,0.05,-1
0.39,0.63,0.47,1
0.11,0.36,0.72,1
0.77,0.95,0.38,-1
0.76,0.12,0.71,-1
0.53,0.74,0.19,1
0.93,0.46,0.65,1
0.85,0.96,0.53,1
0.00,0.70,0.23,-1
0.44,0.33,0.70,1
0.53,0.50,0.02,1
0.62,0.54,0.92,1
0.05,0.90,0.88,1
0.74,0.59,0.32,-1
0.52,0.97,0.92,1
0.03,0.88,0.38,-1
0.40,0.41,0.43,1
0.64,0.44,0.03,1
0.37,0.53,0.76,1
0.09,0.08,0.37,1
0.12,0.74,0.94,1
0.25,0.27,0.88,-1
0.64,0.49,0.32,-1
0.14,0.21,0.62,-1
0.67,0.51,0.60,1
0.44,0.67,0.69,1
0.44,0.88,0.90,-1
0.47,0.62,0.57,1
0.25,0.63,0.23,-1
0.52,0.37,0.82,1
0.94,0.35,0.26,-1
0.89,0.74,0.81,1
0.68,0.40,0.95,1
0.95,0.42,0.56,1
0.93,0.27,0.89,1
0.58,0.28,0.47,1
0.06,0.77,0.07,-1
0.63,0.35,0.12,1
0.52,0.56,0.91,1
0.87,0.09,0.96,1
0.79,0.36,0.83,1
0.93,0.57,0.72,-1
0.57,0.56,0.85,1
0.10,0.42,0.33,-1
0.03,0.48,0.21,1
0.57,0.76,0.42,1
0.21,0.02,0.02,1
0.95,0.97,0.03,-1
0.58,0.74,0.55,1
0.95,0.57,0.33,1
0.45,0.24,0.28,-1
0.47,0.03,0.22,-1
0.66,0.18,0.41,1
0.74,0.27,0.07,1
0.75,0.44,0.92,-1
0.78,0.46,0.49,1
0.91,0.19,0.66,1
0.84,0.82,0.44,-1
0.57,0.53,0.41,1
0.04,0.63,0.42,-1
0.94,0.76,0.77,1
0.86,0.68,0.54,-1
0.03,0.44,0.59,1
0.99,0.33,0.64,-1
0.07,0.59,0.57,-1
0.14,0.70,0.74,-1
0.14,0.55,0.33,1
0.22,0.63,0.88,1
0.47,0.85,0.76,-1
0.89,0.54,0.27,1
0.32,0.05,0.33
0.07,0.94,0.14
0.41,0.05,0.72
0.36,0.60,0.42
0.09,0.52,0.33
0.37,0.12,0.88
0.61,0.40,0.57
0.64,0.17,0.79
1.00,0.98,0.11
0.71,0.73,0.79
0.60,0.70,0.92
0.43,0.05,0.68
0.39,0.04,0.27
0.17,0.90,0.68
0.83,0.61,0.84
0.12,0.09,0.58
0.61,0.13,0.70
0.10,0.68,0.57
0.17,0.15,0.40
0.15,0.48,0.24
0.65,0.10,0.13
0.83,0.76,0.54
0.93,0.07,0.08
0.63,0.10,0.82
0.33,0.50,0.44
0.63,0.77,0.59
0.02,0.53,0.11
0.26,0.14,0.98
0.72,0.27,0.06
0.89,0.85,0.46
0.80,0.96,0.30
0.13,0.49,0.16
0.58,0.87,0.44
0.09,0.36,0.42
0.61,0.38,0.27
0.58,0.03,0.25
0.01,0.69,0.11
0.89,0.44,0.80
0.15,0.18,0.99
0.82,0.82,0.31
0.92,0.18,0.84
0.39,0.08,0.60
0.33,0.95,0.18
0.36,0.66,0.57
0.44,0.86,0.75
0.31,0.75,0.56
0.57,0.90,0.33
0.33,0.83,0.60
0.24,1.00,0.83
0.21,0.47,0.62
0.18,0.04,0.83
0.87,0.53,0.74
0.99,0.41,0.02
0.98,0.85,0.65
0.49,0.25,0.18
0.48,0.96,0.98
0.04,0.13,0.42
0.52,0.16,0.47
0.99,0.88,0.97
0.82,0.25,0.62
0.48,0.19,0.39
0.99,0.02,0.79
0.17,0.95,0.20
0.18,0.25,0.55
0.90,0.17,0.21
0.26,0.96,0.93
0.76,0.32,0.30
0.39,0.73,0.53
0.61,0.19,0.85
0.52,0.58,0.07
0.91,0.73,0.25
0.56,0.51,0.58
0.57,0.15,0.04
0.88,0.76,0.81
0.35,0.00,0.63
0.81,0.83,0.72
0.71,0.12,0.49
0.91,0.72,0.96
0.24,0.12,0.33
0.82,0.23,0.80
0.26,0.25,0.37
0.72,0.59,0.45
0.55,0.72,0.02
0.61,0.78,0.64
0.74,0.58,0.44
0.51,0.16,0.39
0.64,0.90,0.75
0.06,0.55,0.50
0.53,0.04,0.69
0.62,0.08,0.85
0.88,0.48,0.28
0.91,0.07,0.98
0.89,0.24,0.82
0.27,0.05,0.12
0.22,0.01,0.35
0.78,0.24,0.39
0.79,0.16,0.06
0.68,0.08,0.90
0.04,0.71,0.08
0.41,0.24,0.37
